AnglerBody-
92 points
[350,200]
[138.18, 187.3, 124.85, 195.24, 112.4, 194.17, 102.73, 194.91, 95.14, 198.02, 82.7, 196.13, 63.52, 176.28, 55.33, 152.69, 63, 133, 59.5, 131.5, 58.64, 127.57, 63.06, 127.42, 65.97, 127.06, 66.9, 123.38, 65.06, 120.34, 61.86, 117.3, 59.49, 114.21, 64, 114.86, 68.71, 117.86, 69.28, 115.57, 70.14, 112.52, 63.46, 106.84, 58, 105.66, 66.81, 105.08, 74.2, 109.63, 76.66, 106.57, 73.47, 105.37, 69.14, 102.47, 60.33, 101.47, 66.95, 99.05, 67.95, 95.95, 72.57, 96.24, 75.93, 93.33, 86.19, 95.33, 93.61, 91.42, 93.13, 87.13, 97.45, 82.17, 97.86, 59.8, 79.38, 48.28, 66.13, 42.61, 52.49, 42.81, 40.06, 54.83, 35.86, 39.04, 39.38, 29.76, 48.76, 33.8, 54.09, 37.05, 60.71, 38.57, 72.04, 39.86, 85.58, 45.53, 103.1, 59.96, 104.9, 80, 108.18, 81.74, 109.03, 84.23, 122.1, 82.08, 140.06, 84.15, 154.46, 81.66, 163.23, 86.47, 172.05, 83.66, 180.61, 81, 205.68, 90.17, 202.13, 95.61, 191.59, 97.28, 184.52, 103.61, 187.3, 107.32, 190.12, 109.81, 199.03, 108.5, 208.9, 108.22, 222.58, 108.43, 237.97, 118.52, 271.71, 125.1, 270.63, 135.61, 263.81, 141.36, 232.61, 143.69, 235.81, 148.32, 243.53, 150.64, 290.36, 150.87, 323.39, 161.78, 342.22, 188.5, 297.61, 201.38, 258.76, 191.75, 225.71, 171.04, 222.3, 172.22, 219.61, 174.2, 223.52, 178.08, 229.61, 180.63, 242.85, 183.47, 219.46, 189.4, 204.49, 192.63, 197.3, 177.4, 173.34, 176.98, 168.72, 167.77, 150.84, 182.88]

AnglerJaw-
28 points
[350,200]
[106.97, 190.36, 96.14, 202.36, 83.97, 198.21, 56.87, 190, 43.73, 177.04, 39.94, 172.32, 27, 159, 27.46, 148.09, 27.93, 137.18, 14.48, 115.27, 24.06, 113.06, 28.64, 107.98, 39.86, 105.79, 43.04, 101.87, 50.53, 104.44, 35.64, 112.91, 41.24, 119.71, 46.12, 118.06, 52.91, 120.27, 45.46, 122.17, 42.98, 128.3, 43.64, 131.97, 44.62, 134.98, 55.66, 133.91, 46.35, 138, 59.6, 172.97, 73.63, 174.68, 98.28, 178.43 ]

AnglerJaw- Pivot
[350,200]
[90.98, 192.4]